TIME 118426.81 814458.30
PROC 1678912 (rosbridge_serve) S 1678903 1678903 1678803 34834 1678903 4194560 5277 211 16 0 1429 556 0 0 20 0 19 0 11786215 1199349760 4547 18446744073709551615 367304507392 367307524684 549460266336 0 0 0 0 16781312 1090 0 0 0 17 1 0 0 0 0 0 367307626232 367307722868 368055201792 549460267528 549460267670 549460267670 549460283262 0
RSS 1678912 18188
PROC 19550 (python3) S 17972 17972 17972 34824 17972 4194560 24565 0 13 0 12809 11964 0 0 20 0 14 0 24633 1512230912 31931 18446744073709551615 4194304 10541936 549461162080 0 0 0 0 20451328 16386 0 0 0 17 6 0 0 0 0 0 10616216 12102000 891416576 549461166671 549461167628 549461167628 549461184477 0
RSS 19550 127724
PROC 19551 (python3) S 17972 17972 17972 34824 17972 4194560 12518 0 0 0 122913 14706 0 0 20 0 12 0 24633 799182848 17117 18446744073709551615 4194304 10541936 548942281248 0 0 0 0 20451328 16386 0 0 0 17 5 0 0 0 0 0 10616216 12102000 365367296 548942286010 548942286348 548942286348 548942303197 0
RSS 19551 68468
TIME 118427.83 814463.72
PROC 1678912 (rosbridge_serve) S 1678903 1678903 1678803 34834 1678903 4194560 5277 211 16 0 1446 562 0 0 20 0 19 0 11786215 1199349760 4547 18446744073709551615 367304507392 367307524684 549460266336 0 0 0 0 16781312 1090 0 0 0 17 6 0 0 0 0 0 367307626232 367307722868 368055201792 549460267528 549460267670 549460267670 549460283262 0
RSS 1678912 18188
PROC 19550 (python3) S 17972 17972 17972 34824 17972 4194560 24565 0 13 0 12881 11967 0 0 20 0 14 0 24633 1512230912 31931 18446744073709551615 4194304 10541936 549461162080 0 0 0 0 20451328 16386 0 0 0 17 3 0 0 0 0 0 10616216 12102000 891416576 549461166671 549461167628 549461167628 549461184477 0
RSS 19550 127724
PROC 19551 (python3) S 17972 17972 17972 34824 17972 4194560 12518 0 0 0 122946 14727 0 0 20 0 12 0 24633 799182848 17117 18446744073709551615 4194304 10541936 548942281248 0 0 0 0 20451328 16386 0 0 0 17 7 0 0 0 0 0 10616216 12102000 365367296 548942286010 548942286348 548942286348 548942303197 0
RSS 19551 68468
TIME 118428.85 814469.51
PROC 1678912 (rosbridge_serve) S 1678903 1678903 1678803 34834 1678903 4194560 5277 211 16 0 1459 571 0 0 20 0 19 0 11786215 1199349760 4547 18446744073709551615 367304507392 367307524684 549460266336 0 0 0 0 16781312 1090 0 0 0 17 6 0 0 0 0 0 367307626232 367307722868 368055201792 549460267528 549460267670 549460267670 549460283262 0
RSS 1678912 18188
PROC 19550 (python3) S 17972 17972 17972 34824 17972 4194560 24565 0 13 0 12957 11974 0 0 20 0 14 0 24633 1512230912 31931 18446744073709551615 4194304 10541936 549461162080 0 0 0 0 20451328 16386 0 0 0 17 6 0 0 0 0 0 10616216 12102000 891416576 549461166671 549461167628 549461167628 549461184477 0
RSS 19550 127724
PROC 19551 (python3) S 17972 17972 17972 34824 17972 4194560 12518 0 0 0 122947 14727 0 0 20 0 12 0 24633 799182848 17117 18446744073709551615 4194304 10541936 548942281248 0 0 0 0 20451328 16386 0 0 0 17 7 0 0 0 0 0 10616216 12102000 365367296 548942286010 548942286348 548942286348 548942303197 0
RSS 19551 68468
TIME 118429.86 814474.77
PROC 1678912 (rosbridge_serve) S 1678903 1678903 1678803 34834 1678903 4194560 5278 211 16 0 1475 577 0 0 20 0 19 0 11786215 1199349760 4547 18446744073709551615 367304507392 367307524684 549460266336 0 0 0 0 16781312 1090 0 0 0 17 4 0 0 0 0 0 367307626232 367307722868 368055201792 549460267528 549460267670 549460267670 549460283262 0
RSS 1678912 18188
PROC 19550 (python3) S 17972 17972 17972 34824 17972 4194560 24581 0 13 0 13029 11979 0 0 20 0 14 0 24633 1512230912 31931 18446744073709551615 4194304 10541936 549461162080 0 0 0 0 20451328 16386 0 0 0 17 2 0 0 0 0 0 10616216 12102000 891416576 549461166671 549461167628 549461167628 549461184477 0
RSS 19550 127724
PROC 19551 (python3) S 17972 17972 17972 34824 17972 4194560 12518 0 0 0 122978 14753 0 0 20 0 12 0 24633 799182848 17117 18446744073709551615 4194304 10541936 548942281248 0 0 0 0 20451328 16386 0 0 0 17 6 0 0 0 0 0 10616216 12102000 365367296 548942286010 548942286348 548942286348 548942303197 0
RSS 19551 68468
TIME 118430.88 814480.07
PROC 1678912 (rosbridge_serve) S 1678903 1678903 1678803 34834 1678903 4194560 5280 211 16 0 1493 582 0 0 20 0 19 0 11786215 1199349760 4612 18446744073709551615 367304507392 367307524684 549460266336 0 0 0 0 16781312 1090 0 0 0 17 3 0 0 0 0 0 367307626232 367307722868 368055201792 549460267528 549460267670 549460267670 549460283262 0
RSS 1678912 18448
PROC 19550 (python3) R 17972 17972 17972 34824 17972 4194560 24581 0 13 0 13104 11982 0 0 20 0 14 0 24633 1512230912 31931 18446744073709551615 4194304 10541936 549461162080 0 0 0 0 20451328 16386 0 0 0 17 5 0 0 0 0 0 10616216 12102000 891416576 549461166671 549461167628 549461167628 549461184477 0
RSS 19550 127724
PROC 19551 (python3) R 17972 17972 17972 34824 17972 4194560 12518 0 0 0 123007 14774 0 0 20 0 12 0 24633 799182848 17117 18446744073709551615 4194304 10541936 548942281248 0 0 0 0 20451328 16386 0 0 0 17 6 0 0 0 0 0 10616216 12102000 365367296 548942286010 548942286348 548942286348 548942303197 0
RSS 19551 68468
TIME 118431.90 814485.83
PROC 1678912 (rosbridge_serve) S 1678903 1678903 1678803 34834 1678903 4194560 5281 211 16 0 1511 587 0 0 20 0 19 0 11786215 1199349760 4612 18446744073709551615 367304507392 367307524684 549460266336 0 0 0 0 16781312 1090 0 0 0 17 4 0 0 0 0 0 367307626232 367307722868 368055201792 549460267528 549460267670 549460267670 549460283262 0
RSS 1678912 18448
PROC 19550 (python3) S 17972 17972 17972 34824 17972 4194560 24581 0 13 0 13180 11988 0 0 20 0 14 0 24633 1512230912 31931 18446744073709551615 4194304 10541936 549461162080 0 0 0 0 20451328 16386 0 0 0 17 5 0 0 0 0 0 10616216 12102000 891416576 549461166671 549461167628 549461167628 549461184477 0
RSS 19550 127724
PROC 19551 (python3) S 17972 17972 17972 34824 17972 4194560 12518 0 0 0 123013 14777 0 0 20 0 12 0 24633 799182848 17117 18446744073709551615 4194304 10541936 548942281248 0 0 0 0 20451328 16386 0 0 0 17 4 0 0 0 0 0 10616216 12102000 365367296 548942286010 548942286348 548942286348 548942303197 0
RSS 19551 68468
TIME 118432.91 814491.65
PROC 1678912 (rosbridge_serve) S 1678903 1678903 1678803 34834 1678903 4194560 5282 211 16 0 1527 594 0 0 20 0 19 0 11786215 1199349760 4612 18446744073709551615 367304507392 367307524684 549460266336 0 0 0 0 16781312 1090 0 0 0 17 0 0 0 0 0 0 367307626232 367307722868 368055201792 549460267528 549460267670 549460267670 549460283262 0
RSS 1678912 18448
PROC 19550 (python3) S 17972 17972 17972 34824 17972 4194560 24581 0 13 0 13261 11991 0 0 20 0 14 0 24633 1512230912 31931 18446744073709551615 4194304 10541936 549461162080 0 0 0 0 20451328 16386 0 0 0 17 4 0 0 0 0 0 10616216 12102000 891416576 549461166671 549461167628 549461167628 549461184477 0
RSS 19550 127724
PROC 19551 (python3) S 17972 17972 17972 34824 17972 4194560 12518 0 0 0 123014 14777 0 0 20 0 12 0 24633 799182848 17117 18446744073709551615 4194304 10541936 548942281248 0 0 0 0 20451328 16386 0 0 0 17 5 0 0 0 0 0 10616216 12102000 365367296 548942286010 548942286348 548942286348 548942303197 0
RSS 19551 68468
TIME 118433.93 814496.92
PROC 1678912 (rosbridge_serve) S 1678903 1678903 1678803 34834 1678903 4194560 5283 211 16 0 1544 599 0 0 20 0 19 0 11786215 1199349760 4612 18446744073709551615 367304507392 367307524684 549460266336 0 0 0 0 16781312 1090 0 0 0 17 0 0 0 0 0 0 367307626232 367307722868 368055201792 549460267528 549460267670 549460267670 549460283262 0
RSS 1678912 18448
PROC 19550 (python3) S 17972 17972 17972 34824 17972 4194560 24596 0 13 0 13330 11999 0 0 20 0 14 0 24633 1512230912 31997 18446744073709551615 4194304 10541936 549461162080 0 0 0 0 20451328 16386 0 0 0 17 2 0 0 0 0 0 10616216 12102000 891416576 549461166671 549461167628 549461167628 549461184477 0
RSS 19550 127988
PROC 19551 (python3) R 17972 17972 17972 34824 17972 4194560 12518 0 0 0 123050 14809 0 0 20 0 12 0 24633 799182848 17117 18446744073709551615 4194304 10541936 548942281248 0 0 0 0 20451328 16386 0 0 0 17 6 0 0 0 0 0 10616216 12102000 365367296 548942286010 548942286348 548942286348 548942303197 0
RSS 19551 68468
TIME 118434.95 814502.36
PROC 1678912 (rosbridge_serve) S 1678903 1678903 1678803 34834 1678903 4194560 5283 211 16 0 1559 605 0 0 20 0 19 0 11786215 1199349760 4612 18446744073709551615 367304507392 367307524684 549460266336 0 0 0 0 16781312 1090 0 0 0 17 0 0 0 0 0 0 367307626232 367307722868 368055201792 549460267528 549460267670 549460267670 549460283262 0
RSS 1678912 18448
PROC 19550 (python3) S 17972 17972 17972 34824 17972 4194560 24596 0 13 0 13402 12005 0 0 20 0 14 0 24633 1512230912 31997 18446744073709551615 4194304 10541936 549461162080 0 0 0 0 20451328 16386 0 0 0 17 6 0 0 0 0 0 10616216 12102000 891416576 549461166671 549461167628 549461167628 549461184477 0
RSS 19550 127988
PROC 19551 (python3) S 17972 17972 17972 34824 17972 4194560 12518 0 0 0 123078 14829 0 0 20 0 12 0 24633 799182848 17117 18446744073709551615 4194304 10541936 548942281248 0 0 0 0 20451328 16386 0 0 0 17 4 0 0 0 0 0 10616216 12102000 365367296 548942286010 548942286348 548942286348 548942303197 0
RSS 19551 68468
TIME 118435.97 814508.17
PROC 1678912 (rosbridge_serve) S 1678903 1678903 1678803 34834 1678903 4194560 5284 211 16 0 1578 608 0 0 20 0 19 0 11786215 1199349760 4612 18446744073709551615 367304507392 367307524684 549460266336 0 0 0 0 16781312 1090 0 0 0 17 3 0 0 0 0 0 367307626232 367307722868 368055201792 549460267528 549460267670 549460267670 549460283262 0
RSS 1678912 18448
PROC 19550 (python3) S 17972 17972 17972 34824 17972 4194560 24596 0 13 0 13479 12010 0 0 20 0 14 0 24633 1512230912 31997 18446744073709551615 4194304 10541936 549461162080 0 0 0 0 20451328 16386 0 0 0 17 6 0 0 0 0 0 10616216 12102000 891416576 549461166671 549461167628 549461167628 549461184477 0
RSS 19550 127988
PROC 19551 (python3) S 17972 17972 17972 34824 17972 4194560 12518 0 0 0 123078 14829 0 0 20 0 12 0 24633 799182848 17117 18446744073709551615 4194304 10541936 548942281248 0 0 0 0 20451328 16386 0 0 0 17 4 0 0 0 0 0 10616216 12102000 365367296 548942286010 548942286348 548942286348 548942303197 0
RSS 19551 68468
TIME 118436.99 814513.77
PROC 1678912 (rosbridge_serve) S 1678903 1678903 1678803 34834 1678903 4194560 5286 211 16 0 1594 615 0 0 20 0 19 0 11786215 1199349760 4612 18446744073709551615 367304507392 367307524684 549460266336 0 0 0 0 16781312 1090 0 0 0 17 7 0 0 0 0 0 367307626232 367307722868 368055201792 549460267528 549460267670 549460267670 549460283262 0
RSS 1678912 18448
PROC 19550 (python3) S 17972 17972 17972 34824 17972 4194560 24596 0 13 0 13550 12017 0 0 20 0 14 0 24633 1512230912 31997 18446744073709551615 4194304 10541936 549461162080 0 0 0 0 20451328 16386 0 0 0 17 7 0 0 0 0 0 10616216 12102000 891416576 549461166671 549461167628 549461167628 549461184477 0
RSS 19550 127988
PROC 19551 (python3) R 17972 17972 17972 34824 17972 4194560 12518 0 0 0 123102 14841 0 0 20 0 12 0 24633 799182848 17117 18446744073709551615 4194304 10541936 548942281248 0 0 0 0 20451328 16386 0 0 0 17 5 0 0 0 0 0 10616216 12102000 365367296 548942286010 548942286348 548942286348 548942303197 0
RSS 19551 68468
TIME 118438.00 814518.99
PROC 1678912 (rosbridge_serve) S 1678903 1678903 1678803 34834 1678903 4194560 5287 211 16 0 1610 619 0 0 20 0 19 0 11786215 1199349760 4612 18446744073709551615 367304507392 367307524684 549460266336 0 0 0 0 16781312 1090 0 0 0 17 3 0 0 0 0 0 367307626232 367307722868 368055201792 549460267528 549460267670 549460267670 549460283262 0
RSS 1678912 18448
PROC 19550 (python3) S 17972 17972 17972 34824 17972 4194560 24611 0 13 0 13619 12022 0 0 20 0 14 0 24633 1512230912 31997 18446744073709551615 4194304 10541936 549461162080 0 0 0 0 20451328 16386 0 0 0 17 5 0 0 0 0 0 10616216 12102000 891416576 549461166671 549461167628 549461167628 549461184477 0
RSS 19550 127988
PROC 19551 (python3) S 17972 17972 17972 34824 17972 4194560 12518 0 0 0 123148 14871 0 0 20 0 12 0 24633 799182848 17117 18446744073709551615 4194304 10541936 548942281248 0 0 0 0 20451328 16386 0 0 0 17 7 0 0 0 0 0 10616216 12102000 365367296 548942286010 548942286348 548942286348 548942303197 0
RSS 19551 68468
TIME 118439.02 814524.84
PROC 1678912 (rosbridge_serve) S 1678903 1678903 1678803 34834 1678903 4194560 5289 211 16 0 1627 625 0 0 20 0 19 0 11786215 1199349760 4612 18446744073709551615 367304507392 367307524684 549460266336 0 0 0 0 16781312 1090 0 0 0 17 2 0 0 0 0 0 367307626232 367307722868 368055201792 549460267528 549460267670 549460267670 549460283262 0
RSS 1678912 18448
PROC 19550 (python3) S 17972 17972 17972 34824 17972 4194560 24611 0 13 0 13698 12027 0 0 20 0 14 0 24633 1512230912 31997 18446744073709551615 4194304 10541936 549461162080 0 0 0 0 20451328 16386 0 0 0 17 7 0 0 0 0 0 10616216 12102000 891416576 549461166671 549461167628 549461167628 549461184477 0
RSS 19550 127988
PROC 19551 (python3) S 17972 17972 17972 34824 17972 4194560 12518 0 0 0 123149 14871 0 0 20 0 12 0 24633 799182848 17117 18446744073709551615 4194304 10541936 548942281248 0 0 0 0 20451328 16386 0 0 0 17 5 0 0 0 0 0 10616216 12102000 365367296 548942286010 548942286348 548942286348 548942303197 0
RSS 19551 68468
TIME 118440.04 814530.51
PROC 1678912 (rosbridge_serve) S 1678903 1678903 1678803 34834 1678903 4194560 5290 211 16 0 1644 631 0 0 20 0 19 0 11786215 1199349760 4612 18446744073709551615 367304507392 367307524684 549460266336 0 0 0 0 16781312 1090 0 0 0 17 0 0 0 0 0 0 367307626232 367307722868 368055201792 549460267528 549460267670 549460267670 549460283262 0
RSS 1678912 18448
PROC 19550 (python3) S 17972 17972 17972 34824 17972 4194560 24611 0 13 0 13773 12031 0 0 20 0 14 0 24633 1512230912 31997 18446744073709551615 4194304 10541936 549461162080 0 0 0 0 20451328 16386 0 0 0 17 3 0 0 0 0 0 10616216 12102000 891416576 549461166671 549461167628 549461167628 549461184477 0
RSS 19550 127988
PROC 19551 (python3) R 17972 17972 17972 34824 17972 4194560 12518 0 0 0 123166 14885 0 0 20 0 12 0 24633 799182848 17117 18446744073709551615 4194304 10541936 548942281248 0 0 0 0 20451328 16386 0 0 0 17 4 0 0 0 0 0 10616216 12102000 365367296 548942286010 548942286348 548942286348 548942303197 0
RSS 19551 68468
TIME 118441.06 814536.09
PROC 1678912 (rosbridge_serve) S 1678903 1678903 1678803 34834 1678903 4194560 5290 211 16 0 1659 637 0 0 20 0 19 0 11786215 1199349760 4612 18446744073709551615 367304507392 367307524684 549460266336 0 0 0 0 16781312 1090 0 0 0 17 4 0 0 0 0 0 367307626232 367307722868 368055201792 549460267528 549460267670 549460267670 549460283262 0
RSS 1678912 18448
PROC 19550 (python3) R 17972 17972 17972 34824 17972 4194560 24611 0 13 0 13844 12038 0 0 20 0 14 0 24633 1512230912 31997 18446744073709551615 4194304 10541936 549461162080 0 0 0 0 20451328 16386 0 0 0 17 4 0 0 0 0 0 10616216 12102000 891416576 549461166671 549461167628 549461167628 549461184477 0
RSS 19550 127988
PROC 19551 (python3) S 17972 17972 17972 34824 17972 4194560 12518 0 0 0 123181 14899 0 0 20 0 12 0 24633 799182848 17117 18446744073709551615 4194304 10541936 548942281248 0 0 0 0 20451328 16386 0 0 0 17 4 0 0 0 0 0 10616216 12102000 365367296 548942286010 548942286348 548942286348 548942303197 0
RSS 19551 68468
TIME 118442.07 814541.47
PROC 1678912 (rosbridge_serve) S 1678903 1678903 1678803 34834 1678903 4194560 5292 211 16 0 1676 641 0 0 20 0 19 0 11786215 1199349760 4612 18446744073709551615 367304507392 367307524684 549460266336 0 0 0 0 16781312 1090 0 0 0 17 5 0 0 0 0 0 367307626232 367307722868 368055201792 549460267528 549460267670 549460267670 549460283262 0
RSS 1678912 18448
PROC 19550 (python3) R 17972 17972 17972 34824 17972 4194560 24626 0 13 0 13914 12044 0 0 20 0 14 0 24633 1512230912 31997 18446744073709551615 4194304 10541936 549461162080 0 0 0 0 20451328 16386 0 0 0 17 0 0 0 0 0 0 10616216 12102000 891416576 549461166671 549461167628 549461167628 549461184477 0
RSS 19550 127988
PROC 19551 (python3) S 17972 17972 17972 34824 17972 4194560 12518 0 0 0 123210 14927 0 0 20 0 12 0 24633 799182848 17117 18446744073709551615 4194304 10541936 548942281248 0 0 0 0 20451328 16386 0 0 0 17 7 0 0 0 0 0 10616216 12102000 365367296 548942286010 548942286348 548942286348 548942303197 0
RSS 19551 68468
TIME 118443.09 814547.08
PROC 1678912 (rosbridge_serve) S 1678903 1678903 1678803 34834 1678903 4194560 5292 211 16 0 1694 646 0 0 20 0 19 0 11786215 1199349760 4612 18446744073709551615 367304507392 367307524684 549460266336 0 0 0 0 16781312 1090 0 0 0 17 0 0 0 0 0 0 367307626232 367307722868 368055201792 549460267528 549460267670 549460267670 549460283262 0
RSS 1678912 18448
PROC 19550 (python3) S 17972 17972 17972 34824 17972 4194560 24626 0 13 0 13992 12047 0 0 20 0 14 0 24633 1512230912 31997 18446744073709551615 4194304 10541936 549461162080 0 0 0 0 20451328 16386 0 0 0 17 6 0 0 0 0 0 10616216 12102000 891416576 549461166671 549461167628 549461167628 549461184477 0
RSS 19550 127988
PROC 19551 (python3) R 17972 17972 17972 34824 17972 4194560 12518 0 0 0 123222 14935 0 0 20 0 12 0 24633 799182848 17117 18446744073709551615 4194304 10541936 548942281248 0 0 0 0 20451328 16386 0 0 0 17 4 0 0 0 0 0 10616216 12102000 365367296 548942286010 548942286348 548942286348 548942303197 0
RSS 19551 68468
TIME 118444.11 814552.68
PROC 1678912 (rosbridge_serve) S 1678903 1678903 1678803 34834 1678903 4194560 5292 211 16 0 1711 651 0 0 20 0 19 0 11786215 1199349760 4612 18446744073709551615 367304507392 367307524684 549460266336 0 0 0 0 16781312 1090 0 0 0 17 1 0 0 0 0 0 367307626232 367307722868 368055201792 549460267528 549460267670 549460267670 549460283262 0
RSS 1678912 18448
PROC 19550 (python3) S 17972 17972 17972 34824 17972 4194560 24626 0 13 0 14062 12055 0 0 20 0 14 0 24633 1512230912 31997 18446744073709551615 4194304 10541936 549461162080 0 0 0 0 20451328 16386 0 0 0 17 3 0 0 0 0 0 10616216 12102000 891416576 549461166671 549461167628 549461167628 549461184477 0
RSS 19550 127988
PROC 19551 (python3) S 17972 17972 17972 34824 17972 4194560 12519 0 0 0 123243 14951 0 0 20 0 12 0 24633 799182848 17117 18446744073709551615 4194304 10541936 548942281248 0 0 0 0 20451328 16386 0 0 0 17 5 0 0 0 0 0 10616216 12102000 365367296 548942286010 548942286348 548942286348 548942303197 0
RSS 19551 68468
TIME 118445.13 814558.52
PROC 1678912 (rosbridge_serve) S 1678903 1678903 1678803 34834 1678903 4194560 5292 211 16 0 1729 655 0 0 20 0 19 0 11786215 1199349760 4612 18446744073709551615 367304507392 367307524684 549460266336 0 0 0 0 16781312 1090 0 0 0 17 1 0 0 0 0 0 367307626232 367307722868 368055201792 549460267528 549460267670 549460267670 549460283262 0
RSS 1678912 18448
PROC 19550 (python3) S 17972 17972 17972 34824 17972 4194560 24626 0 13 0 14140 12061 0 0 20 0 14 0 24633 1512230912 31997 18446744073709551615 4194304 10541936 549461162080 0 0 0 0 20451328 16386 0 0 0 17 4 0 0 0 0 0 10616216 12102000 891416576 549461166671 549461167628 549461167628 549461184477 0
RSS 19550 127988
PROC 19551 (python3) S 17972 17972 17972 34824 17972 4194560 12519 0 0 0 123243 14951 0 0 20 0 12 0 24633 799182848 17117 18446744073709551615 4194304 10541936 548942281248 0 0 0 0 20451328 16386 0 0 0 17 5 0 0 0 0 0 10616216 12102000 365367296 548942286010 548942286348 548942286348 548942303197 0
RSS 19551 68468
TIME 118446.14 814563.65
PROC 1678912 (rosbridge_serve) S 1678903 1678903 1678803 34834 1678903 4194560 5294 211 16 0 1746 660 0 0 20 0 19 0 11786215 1199349760 4612 18446744073709551615 367304507392 367307524684 549460266336 0 0 0 0 16781312 1090 0 0 0 17 6 0 0 0 0 0 367307626232 367307722868 368055201792 549460267528 549460267670 549460267670 549460283262 0
RSS 1678912 18448
PROC 19550 (python3) S 17972 17972 17972 34824 17972 4194560 24640 0 13 0 14208 12068 0 0 20 0 14 0 24633 1512230912 31997 18446744073709551615 4194304 10541936 549461162080 0 0 0 0 20451328 16386 0 0 0 17 2 0 0 0 0 0 10616216 12102000 891416576 549461166671 549461167628 549461167628 549461184477 0
RSS 19550 127988
PROC 19551 (python3) R 17972 17972 17972 34824 17972 4194560 12520 0 0 0 123283 14980 0 0 20 0 12 0 24633 799182848 17117 18446744073709551615 4194304 10541936 548942281248 0 0 0 0 20451328 16386 0 0 0 17 4 0 0 0 0 0 10616216 12102000 365367296 548942286010 548942286348 548942286348 548942303197 0
RSS 19551 68468
TIME 118447.16 814569.13
PROC 1678912 (rosbridge_serve) S 1678903 1678903 1678803 34834 1678903 4194560 5296 211 16 0 1763 665 0 0 20 0 19 0 11786215 1199349760 4612 18446744073709551615 367304507392 367307524684 549460266336 0 0 0 0 16781312 1090 0 0 0 17 4 0 0 0 0 0 367307626232 367307722868 368055201792 549460267528 549460267670 549460267670 549460283262 0
RSS 1678912 18448
PROC 19550 (python3) S 17972 17972 17972 34824 17972 4194560 24640 0 13 0 14281 12072 0 0 20 0 14 0 24633 1512230912 31997 18446744073709551615 4194304 10541936 549461162080 0 0 0 0 20451328 16386 0 0 0 17 3 0 0 0 0 0 10616216 12102000 891416576 549461166671 549461167628 549461167628 549461184477 0
RSS 19550 127988
PROC 19551 (python3) S 17972 17972 17972 34824 17972 4194560 12520 0 0 0 123308 14998 0 0 20 0 12 0 24633 799182848 17117 18446744073709551615 4194304 10541936 548942281248 0 0 0 0 20451328 16386 0 0 0 17 4 0 0 0 0 0 10616216 12102000 365367296 548942286010 548942286348 548942286348 548942303197 0
RSS 19551 68468
TIME 118448.17 814574.53
PROC 1678912 (rosbridge_serve) S 1678903 1678903 1678803 34834 1678903 4194560 5296 211 16 0 1781 670 0 0 20 0 19 0 11786215 1199349760 4612 18446744073709551615 367304507392 367307524684 549460266336 0 0 0 0 16781312 1090 0 0 0 17 1 0 0 0 0 0 367307626232 367307722868 368055201792 549460267528 549460267670 549460267670 549460283262 0
RSS 1678912 18448
PROC 19550 (python3) S 17972 17972 17972 34824 17972 4194560 24640 0 13 0 14358 12078 0 0 20 0 14 0 24633 1512230912 31997 18446744073709551615 4194304 10541936 549461162080 0 0 0 0 20451328 16386 0 0 0 17 4 0 0 0 0 0 10616216 12102000 891416576 549461166671 549461167628 549461167628 549461184477 0
RSS 19550 127988
PROC 19551 (python3) S 17972 17972 17972 34824 17972 4194560 12520 0 0 0 123308 14998 0 0 20 0 12 0 24633 799182848 17117 18446744073709551615 4194304 10541936 548942281248 0 0 0 0 20451328 16386 0 0 0 17 4 0 0 0 0 0 10616216 12102000 365367296 548942286010 548942286348 548942286348 548942303197 0
RSS 19551 68468
TIME 118449.19 814579.97
PROC 1678912 (rosbridge_serve) S 1678903 1678903 1678803 34834 1678903 4194560 5297 211 16 0 1797 676 0 0 20 0 19 0 11786215 1199349760 4612 18446744073709551615 367304507392 367307524684 549460266336 0 0 0 0 16781312 1090 0 0 0 17 7 0 0 0 0 0 367307626232 367307722868 368055201792 549460267528 549460267670 549460267670 549460283262 0
RSS 1678912 18448
PROC 19550 (python3) S 17972 17972 17972 34824 17972 4194560 24640 0 13 0 14430 12084 0 0 20 0 14 0 24633 1512230912 31997 18446744073709551615 4194304 10541936 549461162080 0 0 0 0 20451328 16386 0 0 0 17 3 0 0 0 0 0 10616216 12102000 891416576 549461166671 549461167628 549461167628 549461184477 0
RSS 19550 127988
PROC 19551 (python3) R 17972 17972 17972 34824 17972 4194560 12520 0 0 0 123309 14998 0 0 20 0 12 0 24633 799182848 17117 18446744073709551615 4194304 10541936 548942281248 0 0 0 0 20451328 16386 0 0 0 17 5 0 0 0 0 0 10616216 12102000 365367296 548942286010 548942286348 548942286348 548942303197 0
RSS 19551 68468
TIME 118450.21 814585.01
PROC 1678912 (rosbridge_serve) S 1678903 1678903 1678803 34834 1678903 4194560 5305 211 16 0 1812 682 0 0 20 0 19 0 11786215 1199349760 4612 18446744073709551615 367304507392 367307524684 549460266336 0 0 0 0 16781312 1090 0 0 0 17 0 0 0 0 0 0 367307626232 367307722868 368055201792 549460267528 549460267670 549460267670 549460283262 0
RSS 1678912 18448
PROC 19550 (python3) R 17972 17972 17972 34824 17972 4194560 24655 0 13 0 14493 12092 0 0 20 0 14 0 24633 1512230912 31997 18446744073709551615 4194304 10541936 549461162080 0 0 0 0 20451328 16386 0 0 0 17 7 0 0 0 0 0 10616216 12102000 891416576 549461166671 549461167628 549461167628 549461184477 0
RSS 19550 127988
PROC 19551 (python3) R 17972 17972 17972 34824 17972 4194560 12520 0 0 0 123368 15040 0 0 20 0 12 0 24633 799182848 17117 18446744073709551615 4194304 10541936 548942281248 0 0 0 0 20451328 16386 0 0 0 17 5 0 0 0 0 0 10616216 12102000 365367296 548942286010 548942286348 548942286348 548942303197 0
RSS 19551 68468
TIME 118451.23 814590.63
PROC 1678912 (rosbridge_serve) S 1678903 1678903 1678803 34834 1678903 4194560 5306 211 16 0 1828 687 0 0 20 0 19 0 11786215 1199349760 4612 18446744073709551615 367304507392 367307524684 549460266336 0 0 0 0 16781312 1090 0 0 0 17 4 0 0 0 0 0 367307626232 367307722868 368055201792 549460267528 549460267670 549460267670 549460283262 0
RSS 1678912 18448
PROC 19550 (python3) S 17972 17972 17972 34824 17972 4194560 24655 0 13 0 14571 12096 0 0 20 0 14 0 24633 1512230912 31997 18446744073709551615 4194304 10541936 549461162080 0 0 0 0 20451328 16386 0 0 0 17 7 0 0 0 0 0 10616216 12102000 891416576 549461166671 549461167628 549461167628 549461184477 0
RSS 19550 127988
PROC 19551 (python3) S 17972 17972 17972 34824 17972 4194560 12520 0 0 0 123378 15042 0 0 20 0 12 0 24633 799182848 17117 18446744073709551615 4194304 10541936 548942281248 0 0 0 0 20451328 16386 0 0 0 17 7 0 0 0 0 0 10616216 12102000 365367296 548942286010 548942286348 548942286348 548942303197 0
RSS 19551 68468
TIME 118452.25 814596.47
PROC 1678912 (rosbridge_serve) S 1678903 1678903 1678803 34834 1678903 4194560 5306 211 16 0 1845 693 0 0 20 0 19 0 11786215 1199349760 4612 18446744073709551615 367304507392 367307524684 549460266336 0 0 0 0 16781312 1090 0 0 0 17 3 0 0 0 0 0 367307626232 367307722868 368055201792 549460267528 549460267670 549460267670 549460283262 0
RSS 1678912 18448
PROC 19550 (python3) R 17972 17972 17972 34824 17972 4194560 24655 0 13 0 14649 12101 0 0 20 0 14 0 24633 1512230912 31997 18446744073709551615 4194304 10541936 549461162080 0 0 0 0 20451328 16386 0 0 0 17 1 0 0 0 0 0 10616216 12102000 891416576 549461166671 549461167628 549461167628 549461184477 0
RSS 19550 127988
PROC 19551 (python3) S 17972 17972 17972 34824 17972 4194560 12520 0 0 0 123378 15042 0 0 20 0 12 0 24633 799182848 17117 18446744073709551615 4194304 10541936 548942281248 0 0 0 0 20451328 16386 0 0 0 17 4 0 0 0 0 0 10616216 12102000 365367296 548942286010 548942286348 548942286348 548942303197 0
RSS 19551 68468
TIME 118453.26 814601.77
PROC 1678912 (rosbridge_serve) S 1678903 1678903 1678803 34834 1678903 4194560 5306 211 16 0 1861 699 0 0 20 0 19 0 11786215 1199349760 4612 18446744073709551615 367304507392 367307524684 549460266336 0 0 0 0 16781312 1090 0 0 0 17 1 0 0 0 0 0 367307626232 367307722868 368055201792 549460267528 549460267670 549460267670 549460283262 0
RSS 1678912 18448
PROC 19550 (python3) S 17972 17972 17972 34824 17972 4194560 24670 0 13 0 14718 12111 0 0 20 0 14 0 24633 1512230912 32063 18446744073709551615 4194304 10541936 549461162080 0 0 0 0 20451328 16386 0 0 0 17 7 0 0 0 0 0 10616216 12102000 891416576 549461166671 549461167628 549461167628 549461184477 0
RSS 19550 128252
PROC 19551 (python3) R 17972 17972 17972 34824 17972 4194560 12520 0 0 0 123414 15064 0 0 20 0 12 0 24633 799182848 17117 18446744073709551615 4194304 10541936 548942281248 0 0 0 0 20451328 16386 0 0 0 17 4 0 0 0 0 0 10616216 12102000 365367296 548942286010 548942286348 548942286348 548942303197 0
RSS 19551 68468
TIME 118454.28 814607.24
PROC 1678912 (rosbridge_serve) S 1678903 1678903 1678803 34834 1678903 4194560 5308 211 16 0 1876 704 0 0 20 0 19 0 11786215 1199349760 4612 18446744073709551615 367304507392 367307524684 549460266336 0 0 0 0 16781312 1090 0 0 0 17 4 0 0 0 0 0 367307626232 367307722868 368055201792 549460267528 549460267670 549460267670 549460283262 0
RSS 1678912 18448
PROC 19550 (python3) R 17972 17972 17972 34824 17972 4194560 24670 0 13 0 14787 12117 0 0 20 0 14 0 24633 1512230912 32063 18446744073709551615 4194304 10541936 549461162080 0 0 0 0 20451328 16386 0 0 0 17 1 0 0 0 0 0 10616216 12102000 891416576 549461166671 549461167628 549461167628 549461184477 0
RSS 19550 128252
PROC 19551 (python3) S 17972 17972 17972 34824 17972 4194560 12520 0 0 0 123442 15088 0 0 20 0 12 0 24633 799182848 17117 18446744073709551615 4194304 10541936 548942281248 0 0 0 0 20451328 16386 0 0 0 17 6 0 0 0 0 0 10616216 12102000 365367296 548942286010 548942286348 548942286348 548942303197 0
RSS 19551 68468
TIME 118455.30 814613.16
PROC 1678912 (rosbridge_serve) S 1678903 1678903 1678803 34834 1678903 4194560 5309 211 16 0 1895 709 0 0 20 0 19 0 11786215 1199349760 4612 18446744073709551615 367304507392 367307524684 549460266336 0 0 0 0 16781312 1090 0 0 0 17 5 0 0 0 0 0 367307626232 367307722868 368055201792 549460267528 549460267670 549460267670 549460283262 0
RSS 1678912 18448
PROC 19550 (python3) S 17972 17972 17972 34824 17972 4194560 24670 0 13 0 14868 12120 0 0 20 0 14 0 24633 1512230912 32063 18446744073709551615 4194304 10541936 549461162080 0 0 0 0 20451328 16386 0 0 0 17 7 0 0 0 0 0 10616216 12102000 891416576 549461166671 549461167628 549461167628 549461184477 0
RSS 19550 128252
PROC 19551 (python3) S 17972 17972 17972 34824 17972 4194560 12520 0 0 0 123442 15088 0 0 20 0 12 0 24633 799182848 17117 18446744073709551615 4194304 10541936 548942281248 0 0 0 0 20451328 16386 0 0 0 17 6 0 0 0 0 0 10616216 12102000 365367296 548942286010 548942286348 548942286348 548942303197 0
RSS 19551 68468
TIME 118456.32 814618.53
PROC 1678912 (rosbridge_serve) S 1678903 1678903 1678803 34834 1678903 4194560 5310 211 16 0 1911 715 0 0 20 0 19 0 11786215 1199349760 4612 18446744073709551615 367304507392 367307524684 549460266336 0 0 0 0 16781312 1090 0 0 0 17 6 0 0 0 0 0 367307626232 367307722868 368055201792 549460267528 549460267670 549460267670 549460283262 0
RSS 1678912 18448
PROC 19550 (python3) S 17972 17972 17972 34824 17972 4194560 24670 0 13 0 14937 12127 0 0 20 0 14 0 24633 1512230912 32063 18446744073709551615 4194304 10541936 549461162080 0 0 0 0 20451328 16386 0 0 0 17 6 0 0 0 0 0 10616216 12102000 891416576 549461166671 549461167628 549461167628 549461184477 0
RSS 19550 128252
PROC 19551 (python3) S 17972 17972 17972 34824 17972 4194560 12520 0 0 0 123478 15109 0 0 20 0 12 0 24633 799182848 17117 18446744073709551615 4194304 10541936 548942281248 0 0 0 0 20451328 16386 0 0 0 17 5 0 0 0 0 0 10616216 12102000 365367296 548942286010 548942286348 548942286348 548942303197 0
RSS 19551 68468
TIME 118457.33 814624.26
PROC 1678912 (rosbridge_serve) S 1678903 1678903 1678803 34834 1678903 4194560 5311 211 16 0 1929 720 0 0 20 0 19 0 11786215 1199349760 4612 18446744073709551615 367304507392 367307524684 549460266336 0 0 0 0 16781312 1090 0 0 0 17 0 0 0 0 0 0 367307626232 367307722868 368055201792 549460267528 549460267670 549460267670 549460283262 0
RSS 1678912 18448
PROC 19550 (python3) S 17972 17972 17972 34824 17972 4194560 24685 0 13 0 15013 12134 0 0 20 0 14 0 24633 1512230912 32063 18446744073709551615 4194304 10541936 549461162080 0 0 0 0 20451328 16386 0 0 0 17 7 0 0 0 0 0 10616216 12102000 891416576 549461166671 549461167628 549461167628 549461184477 0
RSS 19550 128252
PROC 19551 (python3) R 17972 17972 17972 34824 17972 4194560 12520 0 0 0 123482 15115 0 0 20 0 12 0 24633 799182848 17117 18446744073709551615 4194304 10541936 548942281248 0 0 0 0 20451328 16386 0 0 0 17 4 0 0 0 0 0 10616216 12102000 365367296 548942286010 548942286348 548942286348 548942303197 0
RSS 19551 68468
TIME 118458.35 814629.75
PROC 1678912 (rosbridge_serve) S 1678903 1678903 1678803 34834 1678903 4194560 5312 211 16 0 1943 727 0 0 20 0 19 0 11786215 1199349760 4612 18446744073709551615 367304507392 367307524684 549460266336 0 0 0 0 16781312 1090 0 0 0 17 5 0 0 0 0 0 367307626232 367307722868 368055201792 549460267528 549460267670 549460267670 549460283262 0
RSS 1678912 18448
PROC 19550 (python3) S 17972 17972 17972 34824 17972 4194560 24685 0 13 0 15085 12138 0 0 20 0 14 0 24633 1512230912 32063 18446744073709551615 4194304 10541936 549461162080 0 0 0 0 20451328 16386 0 0 0 17 6 0 0 0 0 0 10616216 12102000 891416576 549461166671 549461167628 549461167628 549461184477 0
RSS 19550 128252
PROC 19551 (python3) S 17972 17972 17972 34824 17972 4194560 12520 0 0 0 123512 15133 0 0 20 0 12 0 24633 799182848 17117 18446744073709551615 4194304 10541936 548942281248 0 0 0 0 20451328 16386 0 0 0 17 7 0 0 0 0 0 10616216 12102000 365367296 548942286010 548942286348 548942286348 548942303197 0
RSS 19551 68468
TIME 118459.37 814634.97
PROC 1678912 (rosbridge_serve) S 1678903 1678903 1678803 34834 1678903 4194560 5312 211 16 0 1959 733 0 0 20 0 19 0 11786215 1199349760 4612 18446744073709551615 367304507392 367307524684 549460266336 0 0 0 0 16781312 1090 0 0 0 17 3 0 0 0 0 0 367307626232 367307722868 368055201792 549460267528 549460267670 549460267670 549460283262 0
RSS 1678912 18448
PROC 19550 (python3) S 17972 17972 17972 34824 17972 4194560 24685 0 13 0 15154 12146 0 0 20 0 14 0 24633 1512230912 32063 18446744073709551615 4194304 10541936 549461162080 0 0 0 0 20451328 16386 0 0 0 17 6 0 0 0 0 0 10616216 12102000 891416576 549461166671 549461167628 549461167628 549461184477 0
RSS 19550 128252
PROC 19551 (python3) R 17972 17972 17972 34824 17972 4194560 12520 0 0 0 123543 15160 0 0 20 0 12 0 24633 799182848 17117 18446744073709551615 4194304 10541936 548942281248 0 0 0 0 20451328 16386 0 0 0 17 5 0 0 0 0 0 10616216 12102000 365367296 548942286010 548942286348 548942286348 548942303197 0
RSS 19551 68468
TIME 118460.39 814640.86
PROC 1678912 (rosbridge_serve) S 1678903 1678903 1678803 34834 1678903 4194560 5312 211 16 0 1977 737 0 0 20 0 19 0 11786215 1199349760 4612 18446744073709551615 367304507392 367307524684 549460266336 0 0 0 0 16781312 1090 0 0 0 17 1 0 0 0 0 0 367307626232 367307722868 368055201792 549460267528 549460267670 549460267670 549460283262 0
RSS 1678912 18448
PROC 19550 (python3) S 17972 17972 17972 34824 17972 4194560 24685 0 13 0 15232 12150 0 0 20 0 14 0 24633 1512230912 32063 18446744073709551615 4194304 10541936 549461162080 0 0 0 0 20451328 16386 0 0 0 17 2 0 0 0 0 0 10616216 12102000 891416576 549461166671 549461167628 549461167628 549461184477 0
RSS 19550 128252
PROC 19551 (python3) S 17972 17972 17972 34824 17972 4194560 12520 0 0 0 123544 15160 0 0 20 0 12 0 24633 799182848 17117 18446744073709551615 4194304 10541936 548942281248 0 0 0 0 20451328 16386 0 0 0 17 4 0 0 0 0 0 10616216 12102000 365367296 548942286010 548942286348 548942286348 548942303197 0
RSS 19551 68468
TIME 118461.40 814646.46
PROC 1678912 (rosbridge_serve) S 1678903 1678903 1678803 34834 1678903 4194560 5313 211 16 0 1996 741 0 0 20 0 19 0 11786215 1199349760 4612 18446744073709551615 367304507392 367307524684 549460266336 0 0 0 0 16781312 1090 0 0 0 17 5 0 0 0 0 0 367307626232 367307722868 368055201792 549460267528 549460267670 549460267670 549460283262 0
RSS 1678912 18448
PROC 19550 (python3) S 17972 17972 17972 34824 17972 4194560 24699 0 13 0 15309 12155 0 0 20 0 14 0 24633 1512230912 32063 18446744073709551615 4194304 10541936 549461162080 0 0 0 0 20451328 16386 0 0 0 17 1 0 0 0 0 0 10616216 12102000 891416576 549461166671 549461167628 549461167628 549461184477 0
RSS 19550 128252
PROC 19551 (python3) R 17972 17972 17972 34824 17972 4194560 12520 0 0 0 123554 15165 0 0 20 0 12 0 24633 799182848 17117 18446744073709551615 4194304 10541936 548942281248 0 0 0 0 20451328 16386 0 0 0 17 4 0 0 0 0 0 10616216 12102000 365367296 548942286010 548942286348 548942286348 548942303197 0
RSS 19551 68468
TIME 118462.42 814651.57
PROC 1678912 (rosbridge_serve) S 1678903 1678903 1678803 34834 1678903 4194560 5315 211 16 0 2012 746 0 0 20 0 19 0 11786215 1199349760 4612 18446744073709551615 367304507392 367307524684 549460266336 0 0 0 0 16781312 1090 0 0 0 17 1 0 0 0 0 0 367307626232 367307722868 368055201792 549460267528 549460267670 549460267670 549460283262 0
RSS 1678912 18448
PROC 19550 (python3) S 17972 17972 17972 34824 17972 4194560 24699 0 13 0 15375 12160 0 0 20 0 14 0 24633 1512230912 32063 18446744073709551615 4194304 10541936 549461162080 0 0 0 0 20451328 16386 0 0 0 17 1 0 0 0 0 0 10616216 12102000 891416576 549461166671 549461167628 549461167628 549461184477 0
RSS 19550 128252
PROC 19551 (python3) S 17972 17972 17972 34824 17972 4194560 12520 0 0 0 123612 15204 0 0 20 0 12 0 24633 799182848 17117 18446744073709551615 4194304 10541936 548942281248 0 0 0 0 20451328 16386 0 0 0 17 4 0 0 0 0 0 10616216 12102000 365367296 548942286010 548942286348 548942286348 548942303197 0
RSS 19551 68468
TIME 118463.44 814657.39
PROC 1678912 (rosbridge_serve) S 1678903 1678903 1678803 34834 1678903 4194560 5316 211 16 0 2031 751 0 0 20 0 19 0 11786215 1199349760 4612 18446744073709551615 367304507392 367307524684 549460266336 0 0 0 0 16781312 1090 0 0 0 17 1 0 0 0 0 0 367307626232 367307722868 368055201792 549460267528 549460267670 549460267670 549460283262 0
RSS 1678912 18448
PROC 19550 (python3) R 17972 17972 17972 34824 17972 4194560 24699 0 13 0 15453 12167 0 0 20 0 14 0 24633 1512230912 32063 18446744073709551615 4194304 10541936 549461162080 0 0 0 0 20451328 16386 0 0 0 17 3 0 0 0 0 0 10616216 12102000 891416576 549461166671 549461167628 549461167628 549461184477 0
RSS 19550 128252
PROC 19551 (python3) S 17972 17972 17972 34824 17972 4194560 12520 0 0 0 123613 15204 0 0 20 0 12 0 24633 799182848 17117 18446744073709551615 4194304 10541936 548942281248 0 0 0 0 20451328 16386 0 0 0 17 7 0 0 0 0 0 10616216 12102000 365367296 548942286010 548942286348 548942286348 548942303197 0
RSS 19551 68468
TIME 118464.45 814663.24
PROC 1678912 (rosbridge_serve) S 1678903 1678903 1678803 34834 1678903 4194560 5316 211 16 0 2049 754 0 0 20 0 19 0 11786215 1199349760 4612 18446744073709551615 367304507392 367307524684 549460266336 0 0 0 0 16781312 1090 0 0 0 17 1 0 0 0 0 0 367307626232 367307722868 368055201792 549460267528 549460267670 549460267670 549460283262 0
RSS 1678912 18448
PROC 19550 (python3) R 17972 17972 17972 34824 17972 4194560 24699 0 13 0 15530 12171 0 0 20 0 14 0 24633 1512230912 32063 18446744073709551615 4194304 10541936 549461162080 0 0 0 0 20451328 16386 0 0 0 17 7 0 0 0 0 0 10616216 12102000 891416576 549461166671 549461167628 549461167628 549461184477 0
RSS 19550 128252
PROC 19551 (python3) S 17972 17972 17972 34824 17972 4194560 12520 0 0 0 123614 15204 0 0 20 0 12 0 24633 799182848 17117 18446744073709551615 4194304 10541936 548942281248 0 0 0 0 20451328 16386 0 0 0 17 5 0 0 0 0 0 10616216 12102000 365367296 548942286010 548942286348 548942286348 548942303197 0
RSS 19551 68468
TIME 118465.47 814668.61
PROC 1678912 (rosbridge_serve) S 1678903 1678903 1678803 34834 1678903 4194560 5317 211 16 0 2064 762 0 0 20 0 19 0 11786215 1199349760 4612 18446744073709551615 367304507392 367307524684 549460266336 0 0 0 0 16781312 1090 0 0 0 17 2 0 0 0 0 0 367307626232 367307722868 368055201792 549460267528 549460267670 549460267670 549460283262 0
RSS 1678912 18448
PROC 19550 (python3) S 17972 17972 17972 34824 17972 4194560 24714 0 13 0 15599 12180 0 0 20 0 14 0 24633 1512230912 32063 18446744073709551615 4194304 10541936 549461162080 0 0 0 0 20451328 16386 0 0 0 17 5 0 0 0 0 0 10616216 12102000 891416576 549461166671 549461167628 549461167628 549461184477 0
RSS 19550 128252
PROC 19551 (python3) R 17972 17972 17972 34824 17972 4194560 12520 0 0 0 123644 15229 0 0 20 0 12 0 24633 799182848 17117 18446744073709551615 4194304 10541936 548942281248 0 0 0 0 20451328 16386 0 0 0 17 6 0 0 0 0 0 10616216 12102000 365367296 548942286010 548942286348 548942286348 548942303197 0
RSS 19551 68468
TIME 118466.49 814674.02
PROC 1678912 (rosbridge_serve) S 1678903 1678903 1678803 34834 1678903 4194560 5318 211 16 0 2079 767 0 0 20 0 19 0 11786215 1199349760 4612 18446744073709551615 367304507392 367307524684 549460266336 0 0 0 0 16781312 1090 0 0 0 17 5 0 0 0 0 0 367307626232 367307722868 368055201792 549460267528 549460267670 549460267670 549460283262 0
RSS 1678912 18448
PROC 19550 (python3) S 17972 17972 17972 34824 17972 4194560 24714 0 13 0 15665 12188 0 0 20 0 14 0 24633 1512230912 32063 18446744073709551615 4194304 10541936 549461162080 0 0 0 0 20451328 16386 0 0 0 17 6 0 0 0 0 0 10616216 12102000 891416576 549461166671 549461167628 549461167628 549461184477 0
RSS 19550 128252
PROC 19551 (python3) S 17972 17972 17972 34824 17972 4194560 12520 0 0 0 123678 15255 0 0 20 0 12 0 24633 799182848 17117 18446744073709551615 4194304 10541936 548942281248 0 0 0 0 20451328 16386 0 0 0 17 7 0 0 0 0 0 10616216 12102000 365367296 548942286010 548942286348 548942286348 548942303197 0
RSS 19551 68468
TIME 118467.51 814679.90
PROC 1678912 (rosbridge_serve) S 1678903 1678903 1678803 34834 1678903 4194560 5319 211 16 0 2098 771 0 0 20 0 19 0 11786215 1199349760 4612 18446744073709551615 367304507392 367307524684 549460266336 0 0 0 0 16781312 1090 0 0 0 17 1 0 0 0 0 0 367307626232 367307722868 368055201792 549460267528 549460267670 549460267670 549460283262 0
RSS 1678912 18448
PROC 19550 (python3) R 17972 17972 17972 34824 17972 4194560 24714 0 13 0 15743 12192 0 0 20 0 14 0 24633 1512230912 32063 18446744073709551615 4194304 10541936 549461162080 0 0 0 0 20451328 16386 0 0 0 17 0 0 0 0 0 0 10616216 12102000 891416576 549461166671 549461167628 549461167628 549461184477 0
RSS 19550 128252
PROC 19551 (python3) S 17972 17972 17972 34824 17972 4194560 12520 0 0 0 123679 15255 0 0 20 0 12 0 24633 799182848 17117 18446744073709551615 4194304 10541936 548942281248 0 0 0 0 20451328 16386 0 0 0 17 7 0 0 0 0 0 10616216 12102000 365367296 548942286010 548942286348 548942286348 548942303197 0
RSS 19551 68468
TIME 118468.53 814685.40
PROC 1678912 (rosbridge_serve) S 1678903 1678903 1678803 34834 1678903 4194560 5319 211 16 0 2115 776 0 0 20 0 19 0 11786215 1199349760 4612 18446744073709551615 367304507392 367307524684 549460266336 0 0 0 0 16781312 1090 0 0 0 17 1 0 0 0 0 0 367307626232 367307722868 368055201792 549460267528 549460267670 549460267670 549460283262 0
RSS 1678912 18448
PROC 19550 (python3) S 17972 17972 17972 34824 17972 4194560 24714 0 13 0 15814 12197 0 0 20 0 14 0 24633 1512230912 32063 18446744073709551615 4194304 10541936 549461162080 0 0 0 0 20451328 16386 0 0 0 17 2 0 0 0 0 0 10616216 12102000 891416576 549461166671 549461167628 549461167628 549461184477 0
RSS 19550 128252
PROC 19551 (python3) R 17972 17972 17972 34824 17972 4194560 12520 0 0 0 123713 15268 0 0 20 0 12 0 24633 799182848 17117 18446744073709551615 4194304 10541936 548942281248 0 0 0 0 20451328 16386 0 0 0 17 4 0 0 0 0 0 10616216 12102000 365367296 548942286010 548942286348 548942286348 548942303197 0
RSS 19551 68468
TIME 118469.54 814690.86
PROC 1678912 (rosbridge_serve) S 1678903 1678903 1678803 34834 1678903 4194560 5321 211 16 0 2134 780 0 0 20 0 19 0 11786215 1199349760 4612 18446744073709551615 367304507392 367307524684 549460266336 0 0 0 0 16781312 1090 0 0 0 17 1 0 0 0 0 0 367307626232 367307722868 368055201792 549460267528 549460267670 549460267670 549460283262 0
RSS 1678912 18448
PROC 19550 (python3) S 17972 17972 17972 34824 17972 4194560 24729 0 13 0 15890 12203 0 0 20 0 14 0 24633 1512230912 32129 18446744073709551615 4194304 10541936 549461162080 0 0 0 0 20451328 16386 0 0 0 17 5 0 0 0 0 0 10616216 12102000 891416576 549461166671 549461167628 549461167628 549461184477 0
RSS 19550 128516
PROC 19551 (python3) R 17972 17972 17972 34824 17972 4194560 12520 0 0 0 123741 15280 0 0 20 0 12 0 24633 799182848 17117 18446744073709551615 4194304 10541936 548942281248 0 0 0 0 20451328 16386 0 0 0 17 6 0 0 0 0 0 10616216 12102000 365367296 548942286010 548942286348 548942286348 548942303197 0
RSS 19551 68468
TIME 118470.56 814696.42
PROC 1678912 (rosbridge_serve) S 1678903 1678903 1678803 34834 1678903 4194560 5322 211 16 0 2150 785 0 0 20 0 19 0 11786215 1199349760 4612 18446744073709551615 367304507392 367307524684 549460266336 0 0 0 0 16781312 1090 0 0 0 17 5 0 0 0 0 0 367307626232 367307722868 368055201792 549460267528 549460267670 549460267670 549460283262 0
RSS 1678912 18448
PROC 19550 (python3) S 17972 17972 17972 34824 17972 4194560 24729 0 13 0 15964 12209 0 0 20 0 14 0 24633 1512230912 32129 18446744073709551615 4194304 10541936 549461162080 0 0 0 0 20451328 16386 0 0 0 17 6 0 0 0 0 0 10616216 12102000 891416576 549461166671 549461167628 549461167628 549461184477 0
RSS 19550 128516
PROC 19551 (python3) S 17972 17972 17972 34824 17972 4194560 12520 0 0 0 123761 15288 0 0 20 0 12 0 24633 799182848 17117 18446744073709551615 4194304 10541936 548942281248 0 0 0 0 20451328 16386 0 0 0 17 4 0 0 0 0 0 10616216 12102000 365367296 548942286010 548942286348 548942286348 548942303197 0
RSS 19551 68468
TIME 118471.58 814702.08
PROC 1678912 (rosbridge_serve) S 1678903 1678903 1678803 34834 1678903 4194560 5324 211 16 0 2169 790 0 0 20 0 19 0 11786215 1199349760 4612 18446744073709551615 367304507392 367307524684 549460266336 0 0 0 0 16781312 1090 0 0 0 17 4 0 0 0 0 0 367307626232 367307722868 368055201792 549460267528 549460267670 549460267670 549460283262 0
RSS 1678912 18448
PROC 19550 (python3) R 17972 17972 17972 34824 17972 4194560 24729 0 13 0 16037 12214 0 0 20 0 14 0 24633 1512230912 32129 18446744073709551615 4194304 10541936 549461162080 0 0 0 0 20451328 16386 0 0 0 17 4 0 0 0 0 0 10616216 12102000 891416576 549461166671 549461167628 549461167628 549461184477 0
RSS 19550 128516
PROC 19551 (python3) R 17972 17972 17972 34824 17972 4194560 12520 0 0 0 123782 15305 0 0 20 0 12 0 24633 799182848 17117 18446744073709551615 4194304 10541936 548942281248 0 0 0 0 20451328 16386 0 0 0 17 5 0 0 0 0 0 10616216 12102000 365367296 548942286010 548942286348 548942286348 548942303197 0
RSS 19551 68468
TIME 118472.59 814707.75
PROC 1678912 (rosbridge_serve) S 1678903 1678903 1678803 34834 1678903 4194560 5324 211 16 0 2185 796 0 0 20 0 19 0 11786215 1199349760 4612 18446744073709551615 367304507392 367307524684 549460266336 0 0 0 0 16781312 1090 0 0 0 17 2 0 0 0 0 0 367307626232 367307722868 368055201792 549460267528 549460267670 549460267670 549460283262 0
RSS 1678912 18448
PROC 19550 (python3) R 17972 17972 17972 34824 17972 4194560 24729 0 13 0 16111 12219 0 0 20 0 14 0 24633 1512230912 32129 18446744073709551615 4194304 10541936 549461162080 0 0 0 0 20451328 16386 0 0 0 17 2 0 0 0 0 0 10616216 12102000 891416576 549461166671 549461167628 549461167628 549461184477 0
RSS 19550 128516
PROC 19551 (python3) S 17972 17972 17972 34824 17972 4194560 12520 0 0 0 123796 15311 0 0 20 0 12 0 24633 799182848 17117 18446744073709551615 4194304 10541936 548942281248 0 0 0 0 20451328 16386 0 0 0 17 5 0 0 0 0 0 10616216 12102000 365367296 548942286010 548942286348 548942286348 548942303197 0
RSS 19551 68468
TIME 118473.61 814713.34
PROC 1678912 (rosbridge_serve) S 1678903 1678903 1678803 34834 1678903 4194560 5325 211 16 0 2201 802 0 0 20 0 19 0 11786215 1199349760 4612 18446744073709551615 367304507392 367307524684 549460266336 0 0 0 0 16781312 1090 0 0 0 17 2 0 0 0 0 0 367307626232 367307722868 368055201792 549460267528 549460267670 549460267670 549460283262 0
RSS 1678912 18448
PROC 19550 (python3) S 17972 17972 17972 34824 17972 4194560 24743 0 13 0 16184 12227 0 0 20 0 14 0 24633 1512230912 32129 18446744073709551615 4194304 10541936 549461162080 0 0 0 0 20451328 16386 0 0 0 17 4 0 0 0 0 0 10616216 12102000 891416576 549461166671 549461167628 549461167628 549461184477 0
RSS 19550 128516
PROC 19551 (python3) R 17972 17972 17972 34824 17972 4194560 12520 0 0 0 123817 15322 0 0 20 0 12 0 24633 799182848 17117 18446744073709551615 4194304 10541936 548942281248 0 0 0 0 20451328 16386 0 0 0 17 7 0 0 0 0 0 10616216 12102000 365367296 548942286010 548942286348 548942286348 548942303197 0
RSS 19551 68468
TIME 118474.63 814718.72
PROC 1678912 (rosbridge_serve) S 1678903 1678903 1678803 34834 1678903 4194560 5326 211 16 0 2217 808 0 0 20 0 19 0 11786215 1199349760 4612 18446744073709551615 367304507392 367307524684 549460266336 0 0 0 0 16781312 1090 0 0 0 17 5 0 0 0 0 0 367307626232 367307722868 368055201792 549460267528 549460267670 549460267670 549460283262 0
RSS 1678912 18448
PROC 19550 (python3) S 17972 17972 17972 34824 17972 4194560 24743 0 13 0 16255 12232 0 0 20 0 14 0 24633 1512230912 32129 18446744073709551615 4194304 10541936 549461162080 0 0 0 0 20451328 16386 0 0 0 17 1 0 0 0 0 0 10616216 12102000 891416576 549461166671 549461167628 549461167628 549461184477 0
RSS 19550 128516
PROC 19551 (python3) R 17972 17972 17972 34824 17972 4194560 12520 0 0 0 123851 15342 0 0 20 0 12 0 24633 799182848 17117 18446744073709551615 4194304 10541936 548942281248 0 0 0 0 20451328 16386 0 0 0 17 7 0 0 0 0 0 10616216 12102000 365367296 548942286010 548942286348 548942286348 548942303197 0
RSS 19551 68468
TIME 118475.64 814724.37
PROC 1678912 (rosbridge_serve) S 1678903 1678903 1678803 34834 1678903 4194560 5326 211 16 0 2234 812 0 0 20 0 19 0 11786215 1199349760 4612 18446744073709551615 367304507392 367307524684 549460266336 0 0 0 0 16781312 1090 0 0 0 17 0 0 0 0 0 0 367307626232 367307722868 368055201792 549460267528 549460267670 549460267670 549460283262 0
RSS 1678912 18448
PROC 19550 (python3) R 17972 17972 17972 34824 17972 4194560 24743 0 13 0 16329 12238 0 0 20 0 14 0 24633 1512230912 32129 18446744073709551615 4194304 10541936 549461162080 0 0 0 0 20451328 16386 0 0 0 17 1 0 0 0 0 0 10616216 12102000 891416576 549461166671 549461167628 549461167628 549461184477 0
RSS 19550 128516
PROC 19551 (python3) S 17972 17972 17972 34824 17972 4194560 12520 0 0 0 123867 15353 0 0 20 0 12 0 24633 799182848 17117 18446744073709551615 4194304 10541936 548942281248 0 0 0 0 20451328 16386 0 0 0 17 7 0 0 0 0 0 10616216 12102000 365367296 548942286010 548942286348 548942286348 548942303197 0
RSS 19551 68468
TIME 118476.66 814730.22
PROC 1678912 (rosbridge_serve) S 1678903 1678903 1678803 34834 1678903 4194560 5326 211 16 0 2251 818 0 0 20 0 19 0 11786215 1199349760 4612 18446744073709551615 367304507392 367307524684 549460266336 0 0 0 0 16781312 1090 0 0 0 17 4 0 0 0 0 0 367307626232 367307722868 368055201792 549460267528 549460267670 549460267670 549460283262 0
RSS 1678912 18448
PROC 19550 (python3) R 17972 17972 17972 34824 17972 4194560 24743 0 13 0 16406 12245 0 0 20 0 14 0 24633 1512230912 32129 18446744073709551615 4194304 10541936 549461162080 0 0 0 0 20451328 16386 0 0 0 17 0 0 0 0 0 0 10616216 12102000 891416576 549461166671 549461167628 549461167628 549461184477 0
RSS 19550 128516
PROC 19551 (python3) S 17972 17972 17972 34824 17972 4194560 12520 0 0 0 123867 15353 0 0 20 0 12 0 24633 799182848 17117 18446744073709551615 4194304 10541936 548942281248 0 0 0 0 20451328 16386 0 0 0 17 7 0 0 0 0 0 10616216 12102000 365367296 548942286010 548942286348 548942286348 548942303197 0
RSS 19551 68468
TIME 118477.68 814735.70
PROC 1678912 (rosbridge_serve) S 1678903 1678903 1678803 34834 1678903 4194560 5329 211 16 0 2267 824 0 0 20 0 19 0 11786215 1199349760 4612 18446744073709551615 367304507392 367307524684 549460266336 0 0 0 0 16781312 1090 0 0 0 17 1 0 0 0 0 0 367307626232 367307722868 368055201792 549460267528 549460267670 549460267670 549460283262 0
RSS 1678912 18448
PROC 19550 (python3) S 17972 17972 17972 34824 17972 4194560 24758 0 13 0 16479 12249 0 0 20 0 14 0 24633 1512230912 32129 18446744073709551615 4194304 10541936 549461162080 0 0 0 0 20451328 16386 0 0 0 17 6 0 0 0 0 0 10616216 12102000 891416576 549461166671 549461167628 549461167628 549461184477 0
RSS 19550 128516
PROC 19551 (python3) R 17972 17972 17972 34824 17972 4194560 12520 0 0 0 123894 15371 0 0 20 0 12 0 24633 799182848 17117 18446744073709551615 4194304 10541936 548942281248 0 0 0 0 20451328 16386 0 0 0 17 7 0 0 0 0 0 10616216 12102000 365367296 548942286010 548942286348 548942286348 548942303197 0
RSS 19551 68468
TIME 118478.70 814741.06
PROC 1678912 (rosbridge_serve) S 1678903 1678903 1678803 34834 1678903 4194560 5330 211 16 0 2284 828 0 0 20 0 19 0 11786215 1199349760 4612 18446744073709551615 367304507392 367307524684 549460266336 0 0 0 0 16781312 1090 0 0 0 17 7 0 0 0 0 0 367307626232 367307722868 368055201792 549460267528 549460267670 549460267670 549460283262 0
RSS 1678912 18448
PROC 19550 (python3) S 17972 17972 17972 34824 17972 4194560 24758 0 13 0 16551 12252 0 0 20 0 14 0 24633 1512230912 32129 18446744073709551615 4194304 10541936 549461162080 0 0 0 0 20451328 16386 0 0 0 17 6 0 0 0 0 0 10616216 12102000 891416576 549461166671 549461167628 549461167628 549461184477 0
RSS 19550 128516
PROC 19551 (python3) S 17972 17972 17972 34824 17972 4194560 12520 0 0 0 123935 15394 0 0 20 0 12 0 24633 799182848 17117 18446744073709551615 4194304 10541936 548942281248 0 0 0 0 20451328 16386 0 0 0 17 7 0 0 0 0 0 10616216 12102000 365367296 548942286010 548942286348 548942286348 548942303197 0
RSS 19551 68468
TIME 118479.71 814746.92
PROC 1678912 (rosbridge_serve) S 1678903 1678903 1678803 34834 1678903 4194560 5331 211 16 0 2302 832 0 0 20 0 19 0 11786215 1199349760 4612 18446744073709551615 367304507392 367307524684 549460266336 0 0 0 0 16781312 1090 0 0 0 17 5 0 0 0 0 0 367307626232 367307722868 368055201792 549460267528 549460267670 549460267670 549460283262 0
RSS 1678912 18448
PROC 19550 (python3) S 17972 17972 17972 34824 17972 4194560 24758 0 13 0 16630 12256 0 0 20 0 14 0 24633 1512230912 32129 18446744073709551615 4194304 10541936 549461162080 0 0 0 0 20451328 16386 0 0 0 17 6 0 0 0 0 0 10616216 12102000 891416576 549461166671 549461167628 549461167628 549461184477 0
RSS 19550 128516
PROC 19551 (python3) S 17972 17972 17972 34824 17972 4194560 12520 0 0 0 123936 15394 0 0 20 0 12 0 24633 799182848 17117 18446744073709551615 4194304 10541936 548942281248 0 0 0 0 20451328 16386 0 0 0 17 4 0 0 0 0 0 10616216 12102000 365367296 548942286010 548942286348 548942286348 548942303197 0
RSS 19551 68468
TIME 118480.73 814752.64
PROC 1678912 (rosbridge_serve) S 1678903 1678903 1678803 34834 1678903 4194560 5332 211 16 0 2320 837 0 0 20 0 19 0 11786215 1199349760 4612 18446744073709551615 367304507392 367307524684 549460266336 0 0 0 0 16781312 1090 0 0 0 17 6 0 0 0 0 0 367307626232 367307722868 368055201792 549460267528 549460267670 549460267670 549460283262 0
RSS 1678912 18448
PROC 19550 (python3) R 17972 17972 17972 34824 17972 4194560 24758 0 13 0 16708 12262 0 0 20 0 14 0 24633 1512230912 32129 18446744073709551615 4194304 10541936 549461162080 0 0 0 0 20451328 16386 0 0 0 17 6 0 0 0 0 0 10616216 12102000 891416576 549461166671 549461167628 549461167628 549461184477 0
RSS 19550 128516
PROC 19551 (python3) R 17972 17972 17972 34824 17972 4194560 12520 0 0 0 123941 15399 0 0 20 0 12 0 24633 799182848 17117 18446744073709551615 4194304 10541936 548942281248 0 0 0 0 20451328 16386 0 0 0 17 5 0 0 0 0 0 10616216 12102000 365367296 548942286010 548942286348 548942286348 548942303197 0
RSS 19551 68468
TIME 118481.75 814756.77
PROC 1678912 (rosbridge_serve) S 1678903 1678903 1678803 34834 1678903 4194560 5332 211 16 0 2334 843 0 0 20 0 19 0 11786215 1199349760 4612 18446744073709551615 367304507392 367307524684 549460266336 0 0 0 0 16781312 1090 0 0 0 17 0 0 0 0 0 0 367307626232 367307722868 368055201792 549460267528 549460267670 549460267670 549460283262 0
RSS 1678912 18448
PROC 19550 (python3) S 17972 17972 17972 34824 17972 4194560 24773 0 13 0 16776 12269 0 0 20 0 14 0 24633 1512230912 32129 18446744073709551615 4194304 10541936 549461162080 0 0 0 0 20451328 16386 0 0 0 17 3 0 0 0 0 0 10616216 12102000 891416576 549461166671 549461167628 549461167628 549461184477 0
RSS 19550 128516
PROC 19551 (python3) R 17972 17972 17972 34824 17972 4194560 12520 0 0 0 124000 15440 0 0 20 0 12 0 24633 799182848 17117 18446744073709551615 4194304 10541936 548942281248 0 0 0 0 20451328 16386 0 0 0 17 4 0 0 0 0 0 10616216 12102000 365367296 548942286010 548942286348 548942286348 548942303197 0
RSS 19551 68468
TIME 118482.77 814762.63
PROC 1678912 (rosbridge_serve) S 1678903 1678903 1678803 34834 1678903 4194560 5334 211 16 0 2350 850 0 0 20 0 19 0 11786215 1199349760 4612 18446744073709551615 367304507392 367307524684 549460266336 0 0 0 0 16781312 1090 0 0 0 17 4 0 0 0 0 0 367307626232 367307722868 368055201792 549460267528 549460267670 549460267670 549460283262 0
RSS 1678912 18448
PROC 19550 (python3) R 17972 17972 17972 34824 17972 4194560 24773 0 13 0 16852 12274 0 0 20 0 14 0 24633 1512230912 32129 18446744073709551615 4194304 10541936 549461162080 0 0 0 0 20451328 16386 0 0 0 17 1 0 0 0 0 0 10616216 12102000 891416576 549461166671 549461167628 549461167628 549461184477 0
RSS 19550 128516
PROC 19551 (python3) S 17972 17972 17972 34824 17972 4194560 12520 0 0 0 124005 15442 0 0 20 0 12 0 24633 799182848 17117 18446744073709551615 4194304 10541936 548942281248 0 0 0 0 20451328 16386 0 0 0 17 4 0 0 0 0 0 10616216 12102000 365367296 548942286010 548942286348 548942286348 548942303197 0
RSS 19551 68468
TIME 118483.78 814767.92
PROC 1678912 (rosbridge_serve) S 1678903 1678903 1678803 34834 1678903 4194560 5334 211 16 0 2366 856 0 0 20 0 19 0 11786215 1199349760 4612 18446744073709551615 367304507392 367307524684 549460266336 0 0 0 0 16781312 1090 0 0 0 17 4 0 0 0 0 0 367307626232 367307722868 368055201792 549460267528 549460267670 549460267670 549460283262 0
RSS 1678912 18448
PROC 19550 (python3) S 17972 17972 17972 34824 17972 4194560 24773 0 13 0 16927 12282 0 0 20 0 14 0 24633 1512230912 32129 18446744073709551615 4194304 10541936 549461162080 0 0 0 0 20451328 16386 0 0 0 17 3 0 0 0 0 0 10616216 12102000 891416576 549461166671 549461167628 549461167628 549461184477 0
RSS 19550 128516
PROC 19551 (python3) R 17972 17972 17972 34824 17972 4194560 12520 0 0 0 124006 15442 0 0 20 0 12 0 24633 799182848 17117 18446744073709551615 4194304 10541936 548942281248 0 0 0 0 20451328 16386 0 0 0 17 6 0 0 0 0 0 10616216 12102000 365367296 548942286010 548942286348 548942286348 548942303197 0
RSS 19551 68468
TIME 118484.81 814772.31
PROC 1678912 (rosbridge_serve) S 1678903 1678903 1678803 34834 1678903 4194560 5334 211 16 0 2383 861 0 0 20 0 19 0 11786215 1199349760 4612 18446744073709551615 367304507392 367307524684 549460266336 0 0 0 0 16781312 1090 0 0 0 17 3 0 0 0 0 0 367307626232 367307722868 368055201792 549460267528 549460267670 549460267670 549460283262 0
RSS 1678912 18448
PROC 19550 (python3) S 17972 17972 17972 34824 17972 4194560 24773 0 13 0 16999 12289 0 0 20 0 14 0 24633 1512230912 32129 18446744073709551615 4194304 10541936 549461162080 0 0 0 0 20451328 16386 0 0 0 17 7 0 0 0 0 0 10616216 12102000 891416576 549461166671 549461167628 549461167628 549461184477 0
RSS 19550 128516
PROC 19551 (python3) S 17972 17972 17972 34824 17972 4194560 12520 0 0 0 124035 15468 0 0 20 0 12 0 24633 799182848 17117 18446744073709551615 4194304 10541936 548942281248 0 0 0 0 20451328 16386 0 0 0 17 7 0 0 0 0 0 10616216 12102000 365367296 548942286010 548942286348 548942286348 548942303197 0
RSS 19551 68468
TIME 118485.83 814777.62
PROC 1678912 (rosbridge_serve) S 1678903 1678903 1678803 34834 1678903 4194560 5335 211 16 0 2399 867 0 0 20 0 19 0 11786215 1199349760 4612 18446744073709551615 367304507392 367307524684 549460266336 0 0 0 0 16781312 1090 0 0 0 17 1 0 0 0 0 0 367307626232 367307722868 368055201792 549460267528 549460267670 549460267670 549460283262 0
RSS 1678912 18448
PROC 19550 (python3) S 17972 17972 17972 34824 17972 4194560 24776 0 13 0 17069 12296 0 0 20 0 14 0 24633 1512230912 32129 18446744073709551615 4194304 10541936 549461162080 0 0 0 0 20451328 16386 0 0 0 17 5 0 0 0 0 0 10616216 12102000 891416576 549461166671 549461167628 549461167628 549461184477 0
RSS 19550 128516
PROC 19551 (python3) S 17972 17972 17972 34824 17972 4194560 12520 0 0 0 124071 15490 0 0 20 0 12 0 24633 799182848 17117 18446744073709551615 4194304 10541936 548942281248 0 0 0 0 20451328 16386 0 0 0 17 7 0 0 0 0 0 10616216 12102000 365367296 548942286010 548942286348 548942286348 548942303197 0
RSS 19551 68468
TIME 118486.85 814783.49
PROC 1678912 (rosbridge_serve) S 1678903 1678903 1678803 34834 1678903 4194560 5337 211 16 0 2416 872 0 0 20 0 19 0 11786215 1199349760 4612 18446744073709551615 367304507392 367307524684 549460266336 0 0 0 0 16781312 1090 0 0 0 17 6 0 0 0 0 0 367307626232 367307722868 368055201792 549460267528 549460267670 549460267670 549460283262 0
RSS 1678912 18448
PROC 19550 (python3) R 17972 17972 17972 34824 17972 4194560 24776 0 13 0 17150 12300 0 0 20 0 14 0 24633 1512230912 32129 18446744073709551615 4194304 10541936 549461162080 0 0 0 0 20451328 16386 0 0 0 17 7 0 0 0 0 0 10616216 12102000 891416576 549461166671 549461167628 549461167628 549461184477 0
RSS 19550 128516
PROC 19551 (python3) S 17972 17972 17972 34824 17972 4194560 12520 0 0 0 124071 15490 0 0 20 0 12 0 24633 799182848 17117 18446744073709551615 4194304 10541936 548942281248 0 0 0 0 20451328 16386 0 0 0 17 5 0 0 0 0 0 10616216 12102000 365367296 548942286010 548942286348 548942286348 548942303197 0
RSS 19551 68468
TIME 118487.86 814789.11
PROC 1678912 (rosbridge_serve) S 1678903 1678903 1678803 34834 1678903 4194560 5338 211 16 0 2430 881 0 0 20 0 19 0 11786215 1199349760 4612 18446744073709551615 367304507392 367307524684 549460266336 0 0 0 0 16781312 1090 0 0 0 17 0 0 0 0 0 0 367307626232 367307722868 368055201792 549460267528 549460267670 549460267670 549460283262 0
RSS 1678912 18448
PROC 19550 (python3) R 17972 17972 17972 34824 17972 4194560 24776 0 13 0 17218 12306 0 0 20 0 14 0 24633 1512230912 32129 18446744073709551615 4194304 10541936 549461162080 0 0 0 0 20451328 16386 0 0 0 17 6 0 0 0 0 0 10616216 12102000 891416576 549461166671 549461167628 549461167628 549461184477 0
RSS 19550 128516
PROC 19551 (python3) R 17972 17972 17972 34824 17972 4194560 12520 0 0 0 124106 15509 0 0 20 0 12 0 24633 799182848 17117 18446744073709551615 4194304 10541936 548942281248 0 0 0 0 20451328 16386 0 0 0 17 6 0 0 0 0 0 10616216 12102000 365367296 548942286010 548942286348 548942286348 548942303197 0
RSS 19551 68468
